timestamp,close,actual_returns,sma_fast,sma_slow,signal
2021-06-24 05:00:00+00:00,1.218728,0.04125983821413559,1.1858956666666667,1.3446829,1
2021-06-25 05:00:00+00:00,1.091847,-0.10410936648702585,1.160337,1.2923472,-1
2021-06-26 05:00:00+00:00,1.088536,-0.0030324761619531237,1.133037,1.2508412999999998,-1
2021-06-27 05:00:00+00:00,1.094258,0.0052566015271888755,1.091547,1.2116881,1
2021-06-28 05:00:00+00:00,1.137559,0.03957110663116015,1.1067843333333334,1.1887668,1
2021-06-29 05:00:00+00:00,1.108556,-0.025495820436566285,1.1134576666666667,1.1611569,-1
2021-06-30 05:00:00+00:00,1.123571,0.013544647270864019,1.1232286666666667,1.1404157,1
2021-07-01 05:00:00+00:00,1.058511,-0.057904662900697956,1.0968793333333335,1.1260525000000001,-1
2021-07-02 05:00:00+00:00,1.089051,0.02885184943755892,1.0903776666666667,1.1181053,1
2021-07-03 05:00:00+00:00,1.108137,0.017525350052476796,1.085233,1.1118754,1
2021-07-04 05:00:00+00:00,1.126283,0.016375231582376637,1.1078236666666665,1.1026309,1
2021-07-05 05:00:00+00:00,1.148777,0.019971889835858292,1.1277323333333333,1.1083238999999998,1
2021-07-06 05:00:00+00:00,1.154091,0.00462578899124888,1.1430503333333333,1.1148794,1
2021-07-07 05:00:00+00:00,1.103102,-0.044181091439063236,1.1353233333333332,1.1157638,-1
2021-07-08 05:00:00+00:00,1.045339,-0.05236415127522209,1.1008440000000002,1.1065418,-1
2021-07-09 05:00:00+00:00,1.037062,-0.007918005546526108,1.0618343333333333,1.0993924,-1
2021-07-10 05:00:00+00:00,1.023544,-0.013034900517037484,1.035315,1.0893897000000001,-1
2021-07-11 05:00:00+00:00,1.048984,0.024854818161212267,1.03653,1.0884369999999999,1
2021-07-12 05:00:00+00:00,0.984335,-0.061630110659457116,1.0189543333333333,1.0779653999999999,-1
2021-07-13 05:00:00+00:00,0.900022,-0.08565478216257671,0.9777803333333331,1.0571538999999999,-1
2021-07-14 05:00:00+00:00,0.903199,0.0035299137132203118,0.9291853333333333,1.0348454999999999,1
2021-07-15 05:00:00+00:00,0.888331,-0.016461488553463854,0.8971839999999999,1.0088009,-1
2021-07-16 05:00:00+00:00,0.787344,-0.11368172449233438,0.8596246666666666,0.9721261999999999,-1
2021-07-17 05:00:00+00:00,0.835188,0.06076632323355491,0.8369543333333334,0.9453348,1
2021-07-18 05:00:00+00:00,0.791223,-0.052640842540841115,0.804585,0.9199231999999998,-1
2021-07-19 05:00:00+00:00,0.673126,-0.1492588056717259,0.7665123333333334,0.8835295999999999,-1
2021-07-20 05:00:00+00:00,0.753598,0.11954968312024783,0.7393156666666667,0.856535,1
2021-07-21 05:00:00+00:00,0.8847,0.17396808377941553,0.7704746666666668,0.8401066,1
2021-07-22 05:00:00+00:00,0.952872,0.07705662936588675,0.8637233333333333,0.8369603000000001,1
2021-07-23 05:00:00+00:00,0.938258,-0.015336792349864403,0.9252766666666666,0.8407838999999999,-1
2021-07-24 05:00:00+00:00,0.93986,0.0017074194944246557,0.9436633333333333,0.8444499999999999,1
2021-07-25 05:00:00+00:00,1.046577,0.11354563445619559,0.9748983333333333,0.8602746,1
2021-07-26 05:00:00+00:00,0.963172,-0.07969313294673974,0.983203,0.8778574000000001,-1
2021-07-27 05:00:00+00:00,1.022727,0.06183215458921132,1.0108253333333332,0.8966113,1
2021-07-28 05:00:00+00:00,1.0,-0.022221961481411867,0.9952996666666666,0.917489,-1
2021-07-29 05:00:00+00:00,1.05,0.050000000000000044,1.0242423333333333,0.9551764,1
2021-07-30 05:00:00+00:00,1.043038,-0.006630476190476298,1.0310126666666666,0.9841203999999999,-1
2021-07-31 05:00:00+00:00,1.126646,0.08015815339421972,1.073228,1.008315,1
2021-08-01 05:00:00+00:00,1.056484,-0.06227510682148607,1.0753893333333335,1.0186762,-1
2021-08-02 05:00:00+00:00,1.018449,-0.036001491740528024,1.0671929999999998,1.0266953,-1
2021-08-03 05:00:00+00:00,1.018614,0.00016201105799118487,1.0311823333333334,1.0345707,1
2021-08-04 05:00:00+00:00,1.05448,0.03521059007631955,1.0305143333333333,1.035361,1
2021-08-05 05:00:00+00:00,1.036652,-0.016906911463470342,1.0365820000000001,1.0427089999999999,-1
2021-08-06 05:00:00+00:00,1.131284,0.09128617896844848,1.0741386666666666,1.0535647000000001,1
2021-08-07 05:00:00+00:00,1.153572,0.01970150731381337,1.1071693333333332,1.0689218999999999,1
2021-08-08 05:00:00+00:00,1.069592,-0.07279996393809829,1.1181493333333332,1.0708810999999998,-1
2021-08-09 05:00:00+00:00,1.125531,0.05229938144638324,1.1162316666666667,1.0791304,1
2021-08-10 05:00:00+00:00,1.247132,0.10803878347197893,1.1474183333333334,1.091179,1
2021-08-11 05:00:00+00:00,1.401982,0.12416488390964231,1.258215,1.1257288,1
2021-08-12 05:00:00+00:00,1.378407,-0.01681547979931275,1.3425070000000001,1.1617245999999999,-1
2021-08-13 05:00:00+00:00,1.469855,0.06634324985290996,1.4167480000000001,1.2068487,1
2021-08-14 05:00:00+00:00,1.435327,-0.02349075248919108,1.4278629999999997,1.2449334,-1
2021-08-15 05:00:00+00:00,1.477537,0.02940793282645693,1.4609063333333332,1.2890219,1
2021-08-16 05:00:00+00:00,1.456854,-0.013998295812558292,1.456572666666667,1.3215789,-1
2021-08-17 05:00:00+00:00,1.352606,-0.07155693020714504,1.4289990000000001,1.3414823,-1
2021-08-18 05:00:00+00:00,1.315547,-0.02739822239440015,1.3750023333333334,1.3660778,-1
2021-08-19 05:00:00+00:00,1.500008,0.14021619904115923,1.389387,1.4035255,1
2021-08-20 05:00:00+00:00,1.643436,0.0956181567031642,1.4863303333333333,1.4431559,1
2021-08-21 05:00:00+00:00,1.642538,-0.0005464161671034917,1.5953273333333333,1.4672115,-1
2021-08-22 05:00:00+00:00,1.670783,0.017195949195695892,1.6522523333333332,1.4964491,1
2021-08-23 05:00:00+00:00,1.616176,-0.032683478345182926,1.6431656666666665,1.5110812,-1
2021-08-24 05:00:00+00:00,1.484124,-0.08170644781261449,1.590361,1.5159609,-1
2021-08-25 05:00:00+00:00,1.457124,-0.01819254994865649,1.5191413333333335,1.5139196,-1
2021-08-26 05:00:00+00:00,1.379626,-0.053185590244893444,1.4402913333333334,1.5061968000000001,-1
2021-08-27 05:00:00+00:00,1.490226,0.08016665386126398,1.4423253333333335,1.5199588,1
2021-08-28 05:00:00+00:00,1.417436,-0.04884494029764619,1.4290960000000001,1.5301477,-1
2021-08-29 05:00:00+00:00,1.375602,-0.029513854593787636,1.4277546666666667,1.5177071000000002,-1
2021-08-30 05:00:00+00:00,1.358868,-0.012164855823123322,1.3839686666666668,1.4892503,-1
2021-08-31 05:00:00+00:00,1.333568,-0.018618438288339867,1.3560126666666665,1.4583533,-1
2021-09-01 05:00:00+00:00,1.474778,0.10588886356001326,1.3890713333333335,1.4387528,1
2021-09-02 05:00:00+00:00,1.455264,-0.013231822009821204,1.4212033333333334,1.4226616,-1
2021-09-03 05:00:00+00:00,1.472487,0.011834966026782912,1.4675096666666665,1.4214978999999999,1
2021-09-04 05:00:00+00:00,1.773543,0.2044540970480555,1.5670980000000003,1.4531398,1
2021-09-05 05:00:00+00:00,1.677377,-0.05422253647078201,1.6411356666666668,1.4829149000000001,-1
2021-09-06 05:00:00+00:00,1.667025,-0.00617154044678081,1.7059816666666665,1.5005948,-1
2021-09-07 05:00:00+00:00,1.323354,-0.20615827597066638,1.5559186666666667,1.4911866,-1
2021-09-08 05:00:00+00:00,1.379493,0.04242175563001305,1.456624,1.4915756999999998,1
2021-09-09 05:00:00+00:00,1.410599,0.022548863966689092,1.3711486666666666,1.4967488,1
2021-09-10 05:00:00+00:00,1.307237,-0.07327525398784485,1.3657763333333335,1.4941157,-1
2021-09-11 05:00:00+00:00,1.336209,0.02216277538043987,1.3513483333333334,1.4802588,1
2021-09-12 05:00:00+00:00,1.266268,-0.05234285953769213,1.3032380000000001,1.4613592,-1
2021-09-13 05:00:00+00:00,1.271996,0.004523528984385683,1.291491,1.4413101,1
2021-09-14 05:00:00+00:00,1.350823,0.06197110682738005,1.2963623333333334,1.3990381,1
2021-09-15 05:00:00+00:00,1.460546,0.08122677804568013,1.3611216666666666,1.3773549999999999,1
2021-09-16 05:00:00+00:00,1.390877,-0.0477006544128018,1.4007486666666666,1.3497401999999998,-1
2021-09-17 05:00:00+00:00,1.41665,0.01853003536617548,1.4226909999999997,1.3590697999999999,1
2021-09-18 05:00:00+00:00,1.354784,-0.04367063141919314,1.387437,1.3565989,-1
2021-09-19 05:00:00+00:00,1.255218,-0.07349215815952947,1.3422173333333334,1.3410608,-1
2021-09-20 05:00:00+00:00,1.131173,-0.09882347130139946,1.2470583333333334,1.3234544,-1
2021-09-21 05:00:00+00:00,1.082291,-0.04321354912113362,1.1562273333333333,1.2980626,-1
2021-09-22 05:00:00+00:00,1.232449,0.13874087468157836,1.1486376666666667,1.2946807,1
2021-09-23 05:00:00+00:00,1.190588,-0.033965705680316094,1.1684426666666665,1.2865399,-1
2021-09-24 05:00:00+00:00,1.136075,-0.04578661972067588,1.1863706666666667,1.2650651,-1
2021-09-25 05:00:00+00:00,1.087995,-0.04232114957199118,1.1382193333333335,1.22781,-1
2021-09-26 05:00:00+00:00,1.138592,0.046504809305189854,1.1208873333333333,1.2025815,1
2021-09-27 05:00:00+00:00,1.10692,-0.02781681234366673,1.111169,1.1716085,-1
2021-09-28 05:00:00+00:00,1.1,-0.0062515809633937325,1.1151706666666665,1.1461301,-1
2021-09-29 05:00:00+00:00,1.141779,0.03798090909090912,1.116233,1.1347862,1
2021-09-30 05:00:00+00:00,1.13143,-0.009063925680889318,1.124403,1.1348119,-1
2021-10-01 05:00:00+00:00,1.235666,0.09212766145497286,1.169625,1.1501493999999999,1
2021-10-02 05:00:00+00:00,1.322564,0.07032482887770652,1.2298866666666666,1.1591608999999998,1
2021-10-03 05:00:00+00:00,1.275708,-0.03542815319334258,1.2779793333333334,1.1676729000000001,-1
2021-10-04 05:00:00+00:00,1.280488,0.003746938954682477,1.2929199999999998,1.1821142,1
2021-10-05 05:00:00+00:00,1.271454,-0.00705512273445752,1.2758833333333335,1.2004601000000001,-1
2021-10-06 05:00:00+00:00,1.257198,-0.011212360022462509,1.2697133333333335,1.2123207,-1
2021-10-07 05:00:00+00:00,1.290862,0.026777007281271414,1.2731713333333334,1.2307149000000002,1
2021-10-08 05:00:00+00:00,1.366122,0.05830212679589297,1.3047273333333334,1.2573271,1
2021-10-09 05:00:00+00:00,1.335475,-0.022433574746618556,1.3308196666666667,1.2766967,-1
2021-10-10 05:00:00+00:00,1.280287,-0.041324622325389804,1.3272946666666667,1.2915823999999998,-1
2021-10-11 05:00:00+00:00,1.213295,-0.052325767581799965,1.2763523333333333,1.2893453000000001,-1
2021-10-12 05:00:00+00:00,1.238821,0.02103857676822196,1.2441343333333332,1.280971,1
2021-10-13 05:00:00+00:00,1.24237,0.002864820664163714,1.2314953333333334,1.2776371999999998,1
2021-10-14 05:00:00+00:00,1.381589,0.11205920941426473,1.2875933333333334,1.2877473,1
2021-10-15 05:00:00+00:00,1.551261,0.12280931593983446,1.3917400000000002,1.315728,1
2021-10-16 05:00:00+00:00,1.538979,-0.007917429755534333,1.4906096666666666,1.3439061,-1
2021-10-17 05:00:00+00:00,1.529254,-0.0063191245624535375,1.539831333333333,1.3677453,-1
2021-10-18 05:00:00+00:00,1.51827,-0.007182587065327151,1.5288343333333332,1.3829601,-1
2021-10-19 05:00:00+00:00,1.455228,-0.04152225888675931,1.5009173333333334,1.3949354,-1
2021-10-20 05:00:00+00:00,1.547324,0.06328630290236315,1.5069406666666667,1.4216391,1
2021-10-21 05:00:00+00:00,1.567062,0.012756216539005383,1.5232046666666665,1.4570158,1
2021-10-22 05:00:00+00:00,1.529138,-0.024200701695274218,1.5478413333333332,1.4860475000000002,-1
2021-10-23 05:00:00+00:00,1.596097,0.04378872279676527,1.564099,1.5214202,1
2021-10-24 05:00:00+00:00,1.632775,0.022979806365152067,1.5860033333333334,1.5465388,1
2021-10-25 05:00:00+00:00,1.707522,0.04577911837209658,1.6454646666666666,1.5621649000000002,1
2021-10-26 05:00:00+00:00,1.887964,0.10567477315079987,1.7427536666666665,1.5970634000000001,1
2021-10-27 05:00:00+00:00,1.937495,0.026235140076823482,1.844327,1.6378875000000002,1
2021-10-28 05:00:00+00:00,2.07564,0.07130082916343006,1.967033,1.6936244999999999,1
2021-10-29 05:00:00+00:00,1.933833,-0.06831965080649827,1.9823226666666667,1.7414850000000002,-1
2021-10-30 05:00:00+00:00,1.943516,0.00500715418549591,1.9843296666666665,1.7811042000000001,1
2021-10-31 05:00:00+00:00,1.8813,-0.0320120853134217,1.9195496666666667,1.812528,-1
2021-11-01 05:00:00+00:00,1.899625,0.009740604900866368,1.9081469999999998,1.8495767,1
2021-11-02 05:00:00+00:00,2.044469,0.0762487333026256,1.9417980000000001,1.8944139,1
2021-11-03 05:00:00+00:00,2.007965,-0.017855002937192888,1.9840196666666667,1.9319329,-1
2021-11-04 05:00:00+00:00,1.918142,-0.044733349435871594,1.9901920000000002,1.9529949000000002,-1
2021-11-05 05:00:00+00:00,1.922,0.0020113213724530787,1.949369,1.9563985000000002,1
2021-11-06 05:00:00+00:00,1.886369,-0.01853850156087411,1.9088370000000001,1.9512858999999998,-1
2021-11-07 05:00:00+00:00,1.889488,0.0016534410817821144,1.8992856666666666,1.9326706999999999,1
2021-11-08 06:00:00+00:00,1.880165,-0.004934140888960381,1.8853406666666668,1.9273039,-1
2021-11-09 06:00:00+00:00,1.795076,-0.045256134435009754,1.8549096666666667,1.9124599,-1
2021-11-10 06:00:00+00:00,1.734545,-0.033720577847400235,1.8032620000000001,1.8977844000000001,-1
2021-11-11 06:00:00+00:00,1.743416,0.00511430951632863,1.7576790000000002,1.8821635,1
2021-11-12 06:00:00+00:00,1.714112,-0.016808380788062016,1.7306910000000002,1.8491278000000002,-1
2021-11-13 06:00:00+00:00,1.745778,0.01847370533547399,1.7344353333333336,1.8229091,1
2021-11-14 06:00:00+00:00,1.725,-0.011901856937136301,1.7282966666666668,1.8035948999999998,-1
2021-11-15 06:00:00+00:00,1.60156,-0.07155942028985507,1.6907793333333334,1.7715508999999998,-1
2021-11-16 06:00:00+00:00,1.525676,-0.04738130322935141,1.6174119999999998,1.7354816,-1
2021-11-17 06:00:00+00:00,1.610693,0.05572415113038409,1.5793096666666668,1.7076021000000001,1
2021-11-18 06:00:00+00:00,1.53729,-0.045572309558680524,1.5578863333333335,1.6733146,-1
2021-11-19 06:00:00+00:00,1.606063,0.04473651685758706,1.584682,1.6544133000000003,1
2021-11-20 06:00:00+00:00,1.630483,0.015204882996495028,1.5912786666666667,1.6440071,1
2021-11-21 06:00:00+00:00,1.554009,-0.046902666265149606,1.5968516666666666,1.6250664000000001,-1
2021-11-22 06:00:00+00:00,1.583384,0.01890272192760789,1.5892920000000001,1.6119936,1
2021-11-23 06:00:00+00:00,1.692691,0.06903379091869066,1.610028,1.6066849,1
2021-11-24 06:00:00+00:00,1.750788,0.03432227146005973,1.6756209999999998,1.6092637,1
2021-11-25 06:00:00+00:00,1.836533,0.04897509007372669,1.7600040000000001,1.632761,1
2021-11-26 06:00:00+00:00,1.693175,-0.07805903841640738,1.7601653333333334,1.6495109,-1
2021-11-27 06:00:00+00:00,1.581331,-0.06605578277496427,1.7036796666666667,1.6465747,-1
2021-11-28 06:00:00+00:00,1.654602,0.04633501777932625,1.6430360000000002,1.6583059000000002,1
2021-11-29 06:00:00+00:00,1.738253,0.050556568890887554,1.658062,1.6715249,1
2021-11-30 06:00:00+00:00,1.891661,0.08825412641312846,1.7615053333333333,1.6976427,1
2021-12-01 06:00:00+00:00,2.162165,0.14299813761556646,1.930693,1.7584582999999998,1
2021-12-02 06:00:00+00:00,2.19447,0.014941042889881295,2.082765333333333,1.8195669000000003,1
2021-12-03 06:00:00+00:00,1.825844,-0.16797951213732698,2.0608263333333334,1.8328822000000002,-1
2021-12-04 06:00:00+00:00,1.983333,0.086255452273031,2.0012156666666665,1.8561367,1
2021-12-05 06:00:00+00:00,1.856447,-0.06397614520607486,1.8885413333333334,1.8581281,-1
2021-12-06 06:00:00+00:00,2.359604,0.2710322460054071,2.0664613333333333,1.9247710000000002,1
2021-12-07 06:00:00+00:00,2.35165,-0.00337090460941758,2.1892336666666665,2.0018029,-1
2021-12-08 06:00:00+00:00,2.33393,-0.007535134905279128,2.3483946666666666,2.0697357,-1
2021-12-09 06:00:00+00:00,2.172991,-0.06895622405127833,2.2861903333333333,2.1132095,-1
2021-12-10 06:00:00+00:00,2.10388,-0.03180454958165957,2.2036003333333336,2.1344314,-1
2021-12-11 06:00:00+00:00,2.054204,-0.023611612829629203,2.1103583333333336,2.1236353,-1
2021-12-12 06:00:00+00:00,2.025581,-0.013933864406845742,2.061221666666667,2.1067463999999996,-1
2021-12-13 06:00:00+00:00,1.791821,-0.11540392608342975,1.9572019999999999,2.1033441,-1
2021-12-14 06:00:00+00:00,2.011581,0.12264617950118906,1.9429943333333333,2.1061689,1
2021-12-15 06:00:00+00:00,2.072551,0.03030949288146978,1.958651,2.1277793000000003,1
2021-12-16 06:00:00+00:00,2.107086,0.016663039896243736,2.0637393333333334,2.1025275,1
2021-12-17 06:00:00+00:00,2.190552,0.03961205190485817,2.1233963333333334,2.0864177,1
2021-12-18 06:00:00+00:00,2.233413,0.01956630109670998,2.1770169999999998,2.076366,1
2021-12-19 06:00:00+00:00,2.115676,-0.05271617922883043,2.179880333333333,2.0706344999999997,-1
2021-12-20 06:00:00+00:00,2.249519,0.06326252223875484,2.1995359999999997,2.0851984,1
2021-12-21 06:00:00+00:00,2.462016,0.09446330526659263,2.275737,2.1259796,1
2021-12-22 06:00:00+00:00,2.633227,0.06954097780030666,2.448254,2.1867442,1
2021-12-23 06:00:00+00:00,2.584934,-0.018339854482731677,2.5600590000000003,2.2660555,-1
2021-12-24 06:00:00+00:00,2.511485,-0.02841426512243639,2.576548666666667,2.3160458999999998,-1
2021-12-25 06:00:00+00:00,2.682757,0.06819550982785083,2.593058666666667,2.3770664999999997,1
2021-12-26 06:00:00+00:00,2.863935,0.06753425673663327,2.686059,2.4527514,1
2021-12-27 06:00:00+00:00,2.662889,-0.07019921890685377,2.736527,2.4999851,-1
2021-12-28 06:00:00+00:00,2.548369,-0.043005923266046686,2.6917310000000003,2.5314807000000004,-1
2021-12-29 06:00:00+00:00,2.446991,-0.03978152300549875,2.5527496666666667,2.5646122,-1
2021-12-30 06:00:00+00:00,2.515667,0.028065489411281064,2.5036756666666666,2.591227,1
2021-12-31 06:00:00+00:00,2.577088,0.024415393611316505,2.513248666666667,2.6027342,1
2022-01-01 06:00:00+00:00,2.5269,-0.01947469391809664,2.539885,2.5921015,-1
2022-01-02 06:00:00+00:00,2.496574,-0.01200126637381771,2.5335206666666665,2.5832655,-1
2022-01-03 06:00:00+00:00,2.398827,-0.039152454523679214,2.4741003333333333,2.5719997,-1
2022-01-04 06:00:00+00:00,2.414251,0.00642980923593095,2.4365506666666668,2.5451491,1
2022-01-05 06:00:00+00:00,2.14578,-0.11120260486585709,2.3196193333333333,2.4733335999999997,-1
2022-01-06 06:00:00+00:00,2.133456,-0.005743366048709508,2.2311623333333332,2.4203903,-1
2022-01-07 06:00:00+00:00,2.106781,-0.01250318731672928,2.128672333333333,2.3762315,-1
2022-01-08 06:00:00+00:00,2.023859,-0.039359572732049486,2.0880319999999997,2.3339182999999997,-1
2022-01-09 06:00:00+00:00,2.130239,0.052562950284580134,2.0869596666666665,2.2953755,1
2022-01-10 06:00:00+00:00,2.154888,0.01157100212699147,2.102995333333333,2.2531555,1
2022-01-11 06:00:00+00:00,2.349355,0.09024459739902957,2.211494,2.235401,1
2022-01-12 06:00:00+00:00,2.359164,0.004175188509186523,2.2878023333333335,2.22166,1
2022-01-13 06:00:00+00:00,2.302204,-0.0241441459771341,2.336907666666667,2.2119977,-1
2022-01-14 06:00:00+00:00,2.33701,0.015118555957682078,2.3327926666666663,2.2042735999999996,1
2022-01-15 06:00:00+00:00,2.307503,-0.012625962233794308,2.3155723333333333,2.2204459,-1
2022-01-16 06:00:00+00:00,2.388064,0.03491263066613559,2.3441923333333334,2.2459067,1
2022-01-17 06:00:00+00:00,2.179468,-0.08734941777104799,2.2916783333333335,2.2531754,-1
2022-01-18 06:00:00+00:00,2.071528,-0.04952584759216472,2.2130199999999998,2.2579423,-1
2022-01-19 06:00:00+00:00,2.067181,-0.0020984509984898203,2.106059,2.2516365,-1
2022-01-20 06:00:00+00:00,1.916575,-0.07285573928939959,2.018428,2.2278051999999997,-1
2022-01-21 06:00:00+00:00,1.61978,-0.15485697142037225,1.8678453333333334,2.1548477,-1
2022-01-22 06:00:00+00:00,1.579913,-0.024612601711343607,1.7054226666666665,2.0769226,-1
2022-01-23 06:00:00+00:00,1.494215,-0.05424222726188077,1.5646360000000001,1.9961237,-1
2022-01-24 06:00:00+00:00,1.439327,-0.036733669518777434,1.504485,1.9063554,-1
2022-01-25 06:00:00+00:00,1.60259,0.11343009614910304,1.5120440000000002,1.8358641000000002,1
2022-01-26 06:00:00+00:00,1.528114,-0.04647227300806822,1.5233436666666667,1.7498691000000002,-1
2022-01-27 06:00:00+00:00,1.647354,0.0780308275429713,1.5926859999999998,1.6966577,1
2022-01-28 06:00:00+00:00,1.698406,0.030990303237798278,1.6246246666666666,1.6593455,1
2022-01-29 06:00:00+00:00,1.67539,-0.013551530081735597,1.6737166666666667,1.6201664,-1
2022-01-30 06:00:00+00:00,1.545221,-0.07769474570100099,1.6396723333333334,1.583031,-1
2022-01-31 06:00:00+00:00,1.639038,0.06071429264810657,1.619883,1.5849568,1
2022-02-01 06:00:00+00:00,1.633713,-0.003248856951455714,1.6059906666666663,1.5903368,-1
2022-02-02 06:00:00+00:00,1.540858,-0.056836788346545486,1.6045363333333331,1.5950011,-1
2022-02-03 06:00:00+00:00,1.572023,0.020225744358013387,1.582198,1.6082706999999998,1
2022-02-04 06:00:00+00:00,1.746028,0.11068858407287929,1.6196363333333332,1.6226144999999998,1
2022-02-05 06:00:00+00:00,1.725943,-0.011503251952431404,1.6813313333333333,1.6423974000000001,-1
2022-02-06 06:00:00+00:00,1.786933,0.03533720406757346,1.752968,1.6563553,1
2022-02-07 06:00:00+00:00,2.037849,0.14041712811840168,1.8502416666666666,1.6902996,1
2022-02-08 06:00:00+00:00,1.922981,-0.05636727745775083,1.9159210000000002,1.7150586999999997,-1
2022-02-09 06:00:00+00:00,1.969101,0.023983596301783594,1.9766436666666667,1.7574466999999998,1
2022-02-10 06:00:00+00:00,1.833558,-0.0688349658041918,1.9085466666666668,1.7768986999999998,-1
2022-02-11 06:00:00+00:00,1.698245,-0.07379804729384076,1.8336346666666667,1.7833519,-1
2022-02-12 06:00:00+00:00,1.698239,-3.533059128701943e-06,1.7433473333333334,1.79909,-1
2022-02-13 06:00:00+00:00,1.618889,-0.046724872058644285,1.671791,1.8037765999999997,-1
2022-02-14 06:00:00+00:00,1.721039,0.06309882888820662,1.6793889999999998,1.8012777,1
2022-02-15 06:00:00+00:00,1.813013,0.053440973737375996,1.7176470000000001,1.8099846999999998,1
2022-02-16 06:00:00+00:00,1.804417,-0.00474127874427821,1.7794896666666666,1.8117331,-1
2022-02-17 06:00:00+00:00,1.68314,-0.06721118233756385,1.7668566666666665,1.7762622000000001,-1
2022-02-18 06:00:00+00:00,1.623049,-0.03570172415841821,1.7035353333333332,1.7462689999999998,-1
2022-02-19 06:00:00+00:00,1.553534,-0.042829883755820086,1.6199076666666665,1.7047123,-1
2022-02-20 06:00:00+00:00,1.590601,0.023859793219845882,1.5890613333333334,1.6804165999999998,1
2022-02-21 06:00:00+00:00,1.37671,-0.1344718128556438,1.5069483333333336,1.6482630999999999,-1
2022-02-22 06:00:00+00:00,1.499372,0.08909792185718102,1.4888943333333333,1.6283764,1
2022-02-23 06:00:00+00:00,1.273324,-0.15076178560090492,1.3831353333333334,1.5938199000000002,-1
2022-02-24 06:00:00+00:00,1.425435,0.11945977614495606,1.399377,1.5642595,1
2022-02-25 06:00:00+00:00,1.527696,0.07174020562144179,1.4088183333333333,1.5357277999999999,1
2022-02-26 06:00:00+00:00,1.479007,-0.03187086959709262,1.4773793333333334,1.5031868000000002,-1
2022-02-27 06:00:00+00:00,1.446147,-0.022217609517737213,1.4842833333333332,1.4794874999999998,-1
2022-02-28 06:00:00+00:00,1.588824,0.09866009472066106,1.5046593333333333,1.4760649999999997,1
2022-03-01 06:00:00+00:00,1.656487,0.042586844106081045,1.5638193333333332,1.4863602999999999,1
2022-03-02 06:00:00+00:00,1.612482,-0.026565255266114418,1.6192643333333334,1.4885484,-1
2022-03-03 06:00:00+00:00,1.534421,-0.04841046287648476,1.6011300000000002,1.5043194999999998,-1
2022-03-04 06:00:00+00:00,1.481079,-0.03476360138449619,1.5426606666666665,1.5024902,-1
2022-03-05 06:00:00+00:00,1.489995,0.006019935465967574,1.5018316666666667,1.5241573,1
2022-03-06 06:00:00+00:00,1.416081,-0.04960687787542917,1.462385,1.5232218999999998,-1
2022-03-07 06:00:00+00:00,1.440993,0.01759221400470734,1.4490229999999997,1.5145516,1
2022-03-08 06:00:00+00:00,1.508349,0.04674276696694579,1.455141,1.5174858,1
2022-03-09 06:00:00+00:00,1.419083,-0.05918126375261945,1.4561416666666667,1.5147793999999999,-1
2022-03-10 06:00:00+00:00,1.433,0.009807037361450943,1.4534773333333335,1.499197,1
2022-03-11 06:00:00+00:00,1.426087,-0.00482414515003482,1.4260566666666668,1.4761570000000002,-1
2022-03-12 06:00:00+00:00,1.414244,-0.008304542429739548,1.4244436666666669,1.4563332,-1
2022-03-13 06:00:00+00:00,1.3668,-0.03354725210076903,1.4023770000000002,1.4395711,-1
2022-03-14 05:00:00+00:00,1.352843,-0.010211442786069669,1.3779623333333333,1.4267474999999998,-1
2022-03-15 05:00:00+00:00,1.362439,0.007093210372526526,1.3606939999999998,1.4139919,1
2022-03-16 05:00:00+00:00,1.460874,0.07224910619851599,1.3920519999999998,1.4184712000000002,1
2022-03-17 05:00:00+00:00,1.428,-0.022502967401706098,1.4171043333333333,1.4171719,-1
2022-03-18 05:00:00+00:00,1.525477,0.06826120448179274,1.4714503333333333,1.4188847,1
2022-03-19 05:00:00+00:00,1.508796,-0.010934940349805355,1.4874243333333332,1.427856,-1
2022-03-20 05:00:00+00:00,1.456864,-0.03441949740057637,1.4970456666666667,1.4302424,-1
2022-03-21 05:00:00+00:00,1.508024,0.035116524260329074,1.4912279999999998,1.4384361,1
2022-03-22 05:00:00+00:00,1.501166,-0.004547672981331852,1.4886846666666667,1.4471283,-1
2022-03-23 05:00:00+00:00,1.5663,0.04338893899808549,1.5251633333333334,1.4670783,1
2022-03-24 05:00:00+00:00,1.635949,0.04446721573134149,1.5678050000000001,1.4953889,1
2022-03-25 05:00:00+00:00,1.589945,-0.028120681023675043,1.597398,1.5181395,-1
2022-03-26 05:00:00+00:00,1.617689,0.01744966020837202,1.6145276666666666,1.533821,1
2022-03-27 05:00:00+00:00,1.702325,0.05231907987258366,1.636653,1.5612535,1
2022-03-28 05:00:00+00:00,1.692284,-0.005898403653826545,1.6707659999999998,1.5779342,-1
2022-03-29 05:00:00+00:00,1.654185,-0.02251336064159437,1.6829313333333333,1.5924730999999999,-1
2022-03-30 05:00:00+00:00,1.705623,0.03109567551392378,1.6840306666666667,1.6173490000000001,1
2022-03-31 05:00:00+00:00,1.599737,-0.062080541831342484,1.6531816666666668,1.6265203,-1
2022-04-01 05:00:00+00:00,1.716032,0.07269632445833296,1.6737973333333331,1.6480069,1
2022-04-02 05:00:00+00:00,1.676513,-0.023029290829075455,1.6640939999999997,1.6590281999999998,-1
2022-04-03 05:00:00+00:00,1.666366,-0.006052443375028971,1.6863036666666666,1.6620698999999999,-1
2022-04-04 05:00:00+00:00,1.654958,-0.006846035024718478,1.6659456666666665,1.6685712,-1
2022-04-05 05:00:00+00:00,1.580092,-0.04523740179509084,1.633805333333333,1.6648115,-1
2022-04-06 05:00:00+00:00,1.471639,-0.06863714264739018,1.5688963333333332,1.6417429,-1
2022-04-07 05:00:00+00:00,1.523364,0.03514788613240061,1.5250316666666668,1.6248508999999998,1
2022-04-08 05:00:00+00:00,1.440863,-0.054157115436625713,1.4786219999999999,1.6035187,-1
2022-04-09 05:00:00+00:00,1.465153,0.01685795249097244,1.47646,1.5794716999999998,1
2022-04-10 05:00:00+00:00,1.426064,-0.026679124978756463,1.4440266666666668,1.5621044,-1
2022-04-11 05:00:00+00:00,1.355726,-0.04932317203154979,1.4156476666666666,1.5260738,-1
2022-04-12 05:00:00+00:00,1.418841,0.04655439225920288,1.4002103333333331,1.5003066,1
2022-04-13 05:00:00+00:00,1.428113,0.006534911240935415,1.4008933333333333,1.4764813,1
2022-04-14 05:00:00+00:00,1.38717,-0.028669299978362983,1.4113746666666664,1.4497025,-1
2022-04-15 05:00:00+00:00,1.392972,0.004182616406064099,1.4027516666666668,1.4309905,1
2022-04-16 05:00:00+00:00,1.378083,-0.01068865705843347,1.386075,1.4216349000000001,-1
2022-04-17 05:00:00+00:00,1.299107,-0.057308594620207876,1.3567206666666667,1.3992092,-1
2022-04-18 05:00:00+00:00,1.406927,0.08299547304417576,1.3613723333333334,1.3958156,1
2022-04-19 05:00:00+00:00,1.438056,0.022125526057855227,1.3813633333333335,1.3931059000000001,1
2022-04-20 05:00:00+00:00,1.434371,-0.0025624871354105183,1.4264513333333333,1.3939366,-1
2022-04-21 05:00:00+00:00,1.414194,-0.014066793040294345,1.4288736666666668,1.3997834,-1
2022-04-22 05:00:00+00:00,1.359747,-0.03850037547889462,1.4027706666666664,1.393874,-1
2022-04-23 05:00:00+00:00,1.363177,0.00252252808794573,1.3790393333333333,1.3873804,1
2022-04-24 05:00:00+00:00,1.323764,-0.02891260635999593,1.3488959999999999,1.3810398,-1
2022-04-25 05:00:00+00:00,1.35003,0.01984190535473096,1.345657,1.3767456,1
2022-04-26 05:00:00+00:00,1.263482,-0.06410820500285186,1.3124253333333333,1.3652855,-1
2022-04-27 05:00:00+00:00,1.257451,-0.00477331691310201,1.290321,1.3611199,-1
2022-04-28 05:00:00+00:00,1.223635,-0.02689249919082337,1.2481893333333334,1.3427907000000001,-1
2022-04-29 05:00:00+00:00,1.152704,-0.05796744944366583,1.2112633333333334,1.3142555,-1
2022-04-30 05:00:00+00:00,1.063273,-0.07758366414968632,1.1465373333333333,1.2771457000000002,-1
2022-05-01 05:00:00+00:00,1.111133,0.04501195835876581,1.1090366666666664,1.2468396,1
2022-05-02 05:00:00+00:00,1.093307,-0.016043083951246095,1.0892376666666665,1.2201955999999998,-1
2022-05-03 05:00:00+00:00,1.080036,-0.01213840211395334,1.0948253333333333,1.1918815,-1
2022-05-04 05:00:00+00:00,1.177479,0.09022199260024655,1.1169406666666666,1.177253,1
2022-05-05 05:00:00+00:00,1.068234,-0.0927787247161096,1.108583,1.1490734,-1
2022-05-06 05:00:00+00:00,1.016692,-0.04824972805583794,1.0874683333333335,1.1243944000000001,-1
2022-05-07 05:00:00+00:00,0.985685,-0.030497928576205924,1.023537,1.0972178,-1
2022-05-08 05:00:00+00:00,0.953529,-0.03262299821951242,0.985302,1.0702072,-1
2022-05-09 05:00:00+00:00,0.9113,-0.04428706415851014,0.9501713333333334,1.0460668,-1
2022-05-10 05:00:00+00:00,0.867559,-0.04799846373312855,0.9107959999999999,1.0264954,-1
2022-05-11 05:00:00+00:00,0.58707,-0.32330827067669177,0.788643,0.9740890999999999,-1
2022-05-12 05:00:00+00:00,0.700664,0.19349310985061408,0.7184309999999999,0.9348247999999998,1
2022-05-13 05:00:00+00:00,0.669339,-0.04470759165591487,0.6523576666666666,0.8937550999999999,-1
2022-05-14 05:00:00+00:00,0.661447,-0.011790736831411297,0.67715,0.8421519,-1
2022-05-15 05:00:00+00:00,0.702318,0.061790287052477355,0.6777013333333333,0.8055603,1
2022-05-16 05:00:00+00:00,0.708829,0.009270729213831874,0.6908646666666667,0.774774,1
2022-05-17 05:00:00+00:00,0.696014,-0.018079113580285244,0.702387,0.7458069,-1
2022-05-18 05:00:00+00:00,0.633264,-0.09015623248957627,0.679369,0.7137804,-1
2022-05-19 05:00:00+00:00,0.652572,0.030489653604184097,0.6606166666666667,0.6879076000000001,1
2022-05-20 05:00:00+00:00,0.637047,-0.0237904782920505,0.640961,0.6648564,-1
2022-05-21 05:00:00+00:00,0.641978,0.007740402199523766,0.6438656666666667,0.6703471999999999,1
2022-05-22 05:00:00+00:00,0.671244,0.04558723196121961,0.6500896666666667,0.6674051999999999,1
2022-05-23 05:00:00+00:00,0.646185,-0.03733217727085825,0.6531356666666667,0.6650898,-1
2022-05-24 05:00:00+00:00,0.656174,0.015458421349923146,0.6578676666666667,0.6645625,1
2022-05-25 05:00:00+00:00,0.648619,-0.011513714350157245,0.650326,0.6591926,-1
2022-05-26 05:00:00+00:00,0.578776,-0.10767954685262071,0.6278563333333333,0.6461873,-1
2022-05-27 05:00:00+00:00,0.583341,0.007887334651056843,0.6035786666666666,0.63492,1
2022-05-28 05:00:00+00:00,0.57485,-0.01455580869508577,0.578989,0.6290785999999999,-1
2022-05-29 05:00:00+00:00,0.623117,0.08396451248151693,0.5937693333333334,0.6261331,1
2022-05-30 05:00:00+00:00,0.663705,0.06513704488884109,0.6205573333333333,0.6287988999999999,1
2022-05-31 05:00:00+00:00,0.646641,-0.025710217641873978,0.6444876666666667,0.6292652000000001,-1
2022-06-01 05:00:00+00:00,0.597254,-0.07637468085073496,0.6358666666666667,0.6218662,-1
2022-06-02 05:00:00+00:00,0.610114,0.021531877559631374,0.618003,0.6182591000000001,1
2022-06-03 05:00:00+00:00,0.592654,-0.028617602611970883,0.6000073333333332,0.6119071,-1
2022-06-04 05:00:00+00:00,0.588049,-0.007770132320038314,0.596939,0.6058501000000001,-1
2022-06-05 05:00:00+00:00,0.623455,0.06020926827526263,0.6013860000000001,0.610318,1
2022-06-06 05:00:00+00:00,0.59658,-0.04310655941487351,0.6026946666666667,0.6116419,-1
2022-06-07 05:00:00+00:00,0.612398,0.026514465788326724,0.610811,0.6153967,1
2022-06-08 05:00:00+00:00,0.614382,0.003239723186555077,0.6077866666666667,0.6145232,1
2022-06-09 05:00:00+00:00,0.648591,0.05568034219752538,0.6251236666666667,0.6130118,1
2022-06-10 05:00:00+00:00,0.604232,-0.06839287008299533,0.6224016666666667,0.6087708999999999,-1
2022-06-11 05:00:00+00:00,0.510052,-0.15586728276556028,0.5876250000000001,0.6000506999999999,-1
2022-06-12 05:00:00+00:00,0.461769,-0.09466289711637244,0.525351,0.5852162,-1
2022-06-13 05:00:00+00:00,0.421694,-0.08678581715099964,0.46450499999999995,0.5681202000000001,-1
2022-06-14 05:00:00+00:00,0.39255,-0.06911172556403455,0.42533766666666667,0.5485703,-1
2022-06-15 05:00:00+00:00,0.42234,0.07588842185708833,0.4121946666666667,0.5284587999999999,1
2022-06-16 05:00:00+00:00,0.392476,-0.07071080172372968,0.40245533333333333,0.5080484000000001,-1
2022-06-17 05:00:00+00:00,0.391265,-0.0030855389883712725,0.40202699999999997,0.48593509999999995,-1
2022-06-18 05:00:00+00:00,0.335487,-0.14255811278800812,0.37307599999999996,0.4580456,-1
2022-06-19 05:00:00+00:00,0.362413,0.08025944373403449,0.36305499999999996,0.4294278,1
2022-06-20 05:00:00+00:00,0.41264,0.1385905031000545,0.37017999999999995,0.41026859999999993,1
2022-06-21 05:00:00+00:00,0.407416,-0.012659945715393528,0.39415633333333333,0.400005,-1
2022-06-22 05:00:00+00:00,0.494403,0.213509042354743,0.43815299999999996,0.40326839999999997,1
2022-06-23 05:00:00+00:00,0.597481,0.20848983521540143,0.4997666666666667,0.42084710000000003,1
2022-06-24 05:00:00+00:00,0.610874,0.02241577556441121,0.567586,0.4426795,1
2022-06-25 05:00:00+00:00,0.592807,-0.029575657173165126,0.6003873333333333,0.4597262,-1
2022-06-26 05:00:00+00:00,0.575605,-0.029017875969750584,0.5930953333333333,0.4780391,-1
2022-06-27 05:00:00+00:00,0.524042,-0.08958052831368735,0.5641513333333333,0.4913168,-1
2022-06-28 05:00:00+00:00,0.526295,0.004299273722335073,0.5419806666666667,0.5103976,1
2022-06-29 05:00:00+00:00,0.475767,-0.0960069922761948,0.5087013333333333,0.521733,-1
2022-06-30 05:00:00+00:00,0.466483,-0.019513753581059667,0.489515,0.5271173,-1
2022-07-01 05:00:00+00:00,0.454645,-0.025377130570674478,0.46563166666666667,0.5318402,-1
2022-07-02 05:00:00+00:00,0.482846,0.062028615733154435,0.46799133333333326,0.5306845,1
2022-07-03 05:00:00+00:00,0.453768,-0.0602220997999362,0.463753,0.5163132,-1
2022-07-04 05:00:00+00:00,0.522094,0.15057474304049623,0.48623599999999995,0.5074352,1
2022-07-05 05:00:00+00:00,0.511333,-0.020611230927763846,0.4957316666666666,0.4992878,-1
2022-07-06 05:00:00+00:00,0.518726,0.014458288434347155,0.5173843333333333,0.4935999,1
2022-07-07 05:00:00+00:00,0.582977,0.12386307993044476,0.5376786666666666,0.4994934,1
2022-07-08 05:00:00+00:00,0.592941,0.017091583372929042,0.5648813333333332,0.506158,1
2022-07-09 05:00:00+00:00,0.571663,-0.03588552655323218,0.5825269999999999,0.5157476,-1
2022-07-10 05:00:00+00:00,0.555566,-0.028158198099229814,0.57339,0.5246559000000001,-1
2022-07-11 05:00:00+00:00,0.579022,0.042220006263882226,0.5687503333333334,0.5370936000000001,1
2022-07-12 05:00:00+00:00,0.545776,-0.057417507452221184,0.5601213333333334,0.5433866,-1
2022-07-13 05:00:00+00:00,0.6428,0.17777256603441693,0.5891993333333333,0.5622898000000001,1
2022-07-14 05:00:00+00:00,0.693658,0.07911947728686997,0.6274113333333333,0.5794461999999999,1
2022-07-15 05:00:00+00:00,0.695364,0.0024594252499070546,0.677274,0.5978493,1
2022-07-16 05:00:00+00:00,0.737602,0.060742287492593805,0.7088746666666667,0.6197369,1
2022-07-17 05:00:00+00:00,0.830361,0.12575752234945137,0.7544423333333333,0.6444753000000001,1
2022-07-18 05:00:00+00:00,0.914266,0.10104641234354705,0.8274096666666666,0.6766078,1
2022-07-19 05:00:00+00:00,0.932758,0.020226061124442918,0.8924616666666667,0.7127173,1
2022-07-20 05:00:00+00:00,0.821558,-0.1192163455044073,0.8895273333333332,0.7393164999999999,-1
2022-07-21 05:00:00+00:00,0.898002,0.09304759980427435,0.8841060000000001,0.7712144999999999,1
2022-07-22 05:00:00+00:00,0.874079,-0.02664025247159796,0.8645463333333332,0.8040448,-1
2022-07-23 05:00:00+00:00,0.853288,-0.0237861795100901,0.875123,0.8250936,-1
2022-07-24 05:00:00+00:00,0.842029,-0.013194841600960072,0.8564653333333333,0.8399307,-1
2022-07-25 05:00:00+00:00,0.769741,-0.0858497747702276,0.821686,0.8473684,-1
2022-07-26 05:00:00+00:00,0.775958,0.008076742696569328,0.7959093333333334,0.8512040000000001,1
2022-07-27 05:00:00+00:00,0.877271,0.1305650563561429,0.8076566666666666,0.855895,1
2022-07-28 05:00:00+00:00,0.982285,0.11970531340942525,0.8785046666666666,0.8626968999999999,1
2022-07-29 05:00:00+00:00,0.923682,-0.05965987467995537,0.927746,0.8617893000000001,-1
2022-07-30 05:00:00+00:00,0.972649,0.05301283342102581,0.9595386666666667,0.8768984,1
2022-07-31 05:00:00+00:00,0.929976,-0.04387296959129139,0.9421023333333333,0.8800958000000001,-1
2022-08-01 05:00:00+00:00,0.857879,-0.07752565657608379,0.920168,0.8784758,-1
2022-08-02 05:00:00+00:00,0.885036,0.03165597945631049,0.8909636666666666,0.8816506000000001,1
2022-08-03 05:00:00+00:00,0.908669,0.026702868583876604,0.8838613333333333,0.8883146,1
2022-08-04 05:00:00+00:00,0.920273,0.012770326708625435,0.9046593333333334,0.9033678,1
2022-08-05 05:00:00+00:00,0.92953,0.010058971631244251,0.9194906666666666,0.9187249999999999,1
2022-08-06 05:00:00+00:00,0.90434,-0.027099717061310535,0.9180476666666667,0.9214319,-1
2022-08-07 05:00:00+00:00,0.920618,0.017999867306544015,0.9181626666666668,0.9152652,1
2022-08-08 05:00:00+00:00,0.930315,0.010533141867745233,0.9184243333333333,0.9159285,1
